12.208181 11.057985 0.0
14.2694645 13.037413 0.0
15.391766 14.113198 0.0
16.583368 15.252598 0.0
17.849516 16.458986 0.0
17.932142 16.537529 0.0
18.014769 16.616072 0.0
18.098427 16.695549 0.0
18.182087 16.775028 0.0
18.26689 16.855549 0.0
18.351692 16.936068 0.0
18.437765 17.017746 0.0
18.523838 17.099426 0.0
18.611322 17.182396 0.0
18.698807 17.265368 0.0
18.78786 17.349777 0.0
18.876913 17.434185 0.0
18.967701 17.520191 0.0
19.05849 17.606195 0.0
19.1512 17.693966 0.0
19.24391 17.781736 0.0
19.338734 17.871456 0.0
19.433558 17.961174 0.0
19.5307 18.053032 0.0
19.627842 18.144888 0.0
19.727516 18.239079 0.0
19.827188 18.333267 0.0
19.929611 18.429993 0.0
20.032034 18.526716 0.0
20.084347 18.576092 0.0
20.136658 18.625467 0.0
20.18974 18.675552 0.0
20.24282 18.72564 0.0
20.2967 18.776459 0.0
20.35058 18.82728 0.0
20.405285 18.878859 0.0
20.459991 18.930437 0.0
20.515549 18.9828 0.0
20.571106 19.035164 0.0
20.627542 19.088333 0.0
20.683979 19.141504 0.0
20.741322 19.195507 0.0
20.798662 19.249508 0.0
20.856934 19.304363 0.0
20.915207 19.359217 0.0
20.974434 19.414946 0.0
21.033663 19.470675 0.0
21.09387 19.5273 0.0
21.154078 19.583925 0.0
21.215288 19.641468 0.0
21.276499 19.699009 0.0
21.338734 19.757484 0.0
21.400969 19.81596 0.0
21.464249 19.875387 0.0
21.52753 19.934814 0.0
21.591877 19.99521 0.0
21.656225 20.055607 0.0
21.721657 20.116985 0.0
21.787086 20.178366 0.0
21.853619 20.240742 0.0
21.92015 20.30312 0.0
21.9878 20.366505 0.0
22.05545 20.429892 0.0
22.124233 20.494297 0.0
22.193014 20.558702 0.0
22.26294 20.624138 0.0
22.332867 20.689571 0.0
22.40395 20.756042 0.0
22.47503 20.822514 0.0
22.54728 20.890026 0.0
22.619528 20.957539 0.0
22.692951 21.026098 0.0
22.766373 21.094658 0.0
22.840977 21.164268 0.0
22.915579 21.233877 0.0
22.991367 21.304535 0.0
23.067158 21.375195 0.0
23.144136 21.446903 0.0
23.221115 21.518612 0.0
23.299286 21.59137 0.0
23.377455 21.664125 0.0
23.456818 21.737925 0.0
23.536179 21.811724 0.0
23.61673 21.886562 0.0
23.697283 21.9614 0.0
23.779022 22.037268 0.0
23.860764 22.113136 0.0
23.943687 22.19003 0.0
24.026613 22.26692 0.0
24.110716 22.344826 0.0
24.194818 22.422731 0.0
24.280094 22.501638 0.0
24.365368 22.580545 0.0
24.451805 22.660442 0.0
24.538244 22.740341 0.0
24.625837 22.821215 0.0
24.71343 22.902088 0.0
24.802168 22.983925 0.0
24.890905 23.06576 0.0
24.980778 23.148542 0.0
25.070648 23.231325 0.0
25.16164 23.315037 0.0
25.25263 23.39875 0.0
25.34473 23.483376 0.0
25.43683 23.568 0.0
25.530024 23.653522 0.0
25.623217 23.739042 0.0
25.717491 23.82544 0.0
25.811764 23.911835 0.0
25.9071 23.999088 0.0
26.00244 24.086342 0.0
26.098827 24.174435 0.0
26.195215 24.262526 0.0
26.292635 24.351433 0.0
26.390055 24.440342 0.0
26.488491 24.530048 0.0
26.58693 24.619753 0.0
26.686367 24.710236 0.0
26.785803 24.800716 0.0
26.886223 24.891954 0.0
26.986645 24.983192 0.0
27.088032 25.075165 0.0
27.189419 25.16714 0.0
27.291756 25.259827 0.0
27.394093 25.352514 0.0
27.497362 25.445896 0.0
27.600632 25.539276 0.0
27.704819 25.633331 0.0
27.809004 25.727385 0.0
27.91409 25.822092 0.0
28.019175 25.9168 0.0
28.125141 26.01214 0.0
28.23111 26.107481 0.0
28.337944 26.203434 0.0
28.444778 26.299387 0.0
28.552464 26.395935 0.0
28.660149 26.492481 0.0
28.87801 26.68728 0.0
29.09587 26.88208 0.0
29.316946 27.07903 0.0
29.538023 27.27598 0.0
29.762203 27.474937 0.0
29.986382 27.673897 0.0
30.21355 27.87473 0.0
30.440722 28.075562 0.0
30.67078 28.278141 0.0
30.900837 28.48072 0.0
31.133682 28.684925 0.0
31.366528 28.88913 0.0
31.602068 29.094847 0.0
31.837608 29.300564 0.0
32.075756 29.507687 0.0
32.313904 29.714808 0.0
32.554577 29.92323 0.0
32.79525 30.131653 0.0
33.038364 30.341282 0.0
33.28148 30.550909 0.0
33.526962 30.76165 0.0
33.77245 30.972391 0.0
34.020233 31.184158 0.0
34.268013 31.395926 0.0
34.51802 31.608633 0.0
34.76803 31.82134 0.0
35.020195 32.034912 0.0
35.27236 32.24848 0.0
35.526627 32.462837 0.0
35.780888 32.677193 0.0
36.037186 32.892265 0.0
36.293484 33.107334 0.0
36.55175 33.323048 0.0
36.81002 33.53876 0.0
37.070206 33.75505 0.0
37.33039 33.971344 0.0
37.592438 34.188156 0.0
37.854485 34.404964 0.0
38.11834 34.62223 0.0
38.382195 34.8395 0.0
38.64781 35.057175 0.0
38.913425 35.274845 0.0
39.180748 35.492874 0.0
39.448074 35.7109 0.0
39.717068 35.929234 0.0
39.98606 36.147568 0.0
40.256683 36.366165 0.0
40.5273 36.584763 0.0
40.799507 36.80358 0.0
41.071712 37.022404 0.0
41.34547 37.24141 0.0
41.61923 37.46042 0.0
41.8945 37.679577 0.0
42.169773 37.898735 0.0
42.44653 38.118015 0.0
42.723286 38.337296 0.0
43.001495 38.556664 0.0
43.2797 38.77603 0.0
43.55933 38.99546 0.0
43.83896 39.21489 0.0
44.119976 39.43435 0.0
44.400993 39.653812 0.0
44.683365 39.873276 0.0
44.965736 40.092735 0.0
45.24943 40.312164 0.0
45.533127 40.531597 0.0
45.818108 40.750965 0.0
46.10309 40.970333 0.0
46.389313 41.189606 0.0
46.675537 41.408875 0.0
46.962963 41.628006 0.0
47.25039 41.84714 0.0
47.538963 42.066093 0.0
47.82754 42.285046 0.0
48.11721 42.50377 0.0
48.40688 42.722492 0.0
48.697582 42.940937 0.0
48.988285 43.15938 0.0
49.57251 43.595184 0.0
50.15673 44.03099 0.0
50.744167 44.4649 0.0
51.331604 44.89881 0.0
51.92151 45.33021 0.0
52.511414 45.761612 0.0
53.102943 46.189816 0.0
53.69447 46.61802 0.0
53.990555 46.830696 0.0
54.286644 47.04337 0.0
54.582794 47.254967 0.0
54.87894 47.46656 0.0
55.175026 47.676983 0.0
55.47111 47.887405 0.0
55.767014 48.096565 0.0
56.062916 48.30572 0.0
56.35852 48.51352 0.0
56.654125 48.721317 0.0
56.94931 48.927666 0.0
57.2445 49.134014 0.0
57.539158 49.33883 0.0
57.833817 49.543648 0.0
58.12784 49.746853 0.0
58.421864 49.950058 0.0
58.71515 50.151573 0.0
59.00844 50.35309 0.0
59.300896 50.55285 0.0
59.593353 50.752605 0.0
59.884888 50.950546 0.0
60.176422 51.148487 0.0
60.466957 51.34455 0.0
60.757492 51.54062 0.0
61.04695 51.734764 0.0
61.33641 51.928905 0.0
61.624725 52.121086 0.0
61.91304 52.313263 0.0
62.20015 52.50344 0.0
62.48726 52.69362 0.0
62.7731 52.881767 0.0
63.05895 53.069916 0.0
63.343483 53.25601 0.0
63.628014 53.4421 0.0
63.911182 53.62612 0.0
64.19435 53.810143 0.0
64.47612 53.992073 0.0
64.75788 54.174004 0.0
65.03819 54.353832 0.0
65.3185 54.53366 0.0
65.59731 54.71138 0.0
65.87613 54.889095 0.0
66.15341 55.064697 0.0
66.43069 55.240295 0.0
66.70638 55.41377 0.0
66.98208 55.587242 0.0
67.25615 55.758583 0.0
67.53021 55.929928 0.0
67.80261 56.099136 0.0
68.075005 56.26834 0.0
68.34567 56.435402 0.0
68.61635 56.602467 0.0
68.88525 56.76738 0.0
69.154144 56.932293 0.0
69.42122 57.095047 0.0
69.688286 57.257805 0.0
69.95347 57.418396 0.0
70.21865 57.57899 0.0
70.481895 57.73741 0.0
70.74514 57.895832 0.0
71.00638 58.05207 0.0
71.267624 58.208313 0.0
71.5268 58.362362 0.0
71.78598 58.51641 0.0
72.043045 58.66826 0.0
72.3001 58.82011 0.0
72.554985 58.96975 0.0
72.80987 59.119392 0.0
73.062515 59.266815 0.0
73.31516 59.41424 0.0
73.56551 59.559444 0.0
73.815865 59.704647 0.0
74.06387 59.847622 0.0
74.31189 59.990597 0.0
74.5575 60.131336 0.0
74.803116 60.272076 0.0
75.046295 60.410583 0.0
75.28947 60.549088 0.0
75.53016 60.68536 0.0
75.77085 60.821632 0.0
76.009026 60.955673 0.0
76.2472 61.08971 0.0
76.48282 61.221523 0.0
76.718445 61.353336 0.0
76.95149 61.482933 0.0
77.18454 61.612526 0.0
77.41499 61.739914 0.0
77.64545 61.867306 0.0
77.87329 61.9925 0.0
78.101135 62.1177 0.0
78.32636 62.240723 0.0
78.55159 62.36375 0.0
78.7742 62.484627 0.0
78.99681 62.6055 0.0
79.21681 62.724247 0.0
79.436806 62.842995 0.0
79.654205 62.95965 0.0
79.871605 63.076298 0.0
80.086426 63.190884 0.0
80.30125 63.30547 0.0
80.51352 63.41803 0.0
80.72579 63.53059 0.0
80.93555 63.64116 0.0
81.1453 63.751728 0.0
81.352585 63.86035 0.0
81.55986 63.968975 0.0
81.76471 64.0757 0.0
81.96957 64.18243 0.0
82.17204 64.2873 0.0
82.37453 64.39217 0.0
82.57471 64.495255 0.0
82.77488 64.598335 0.0
82.97281 64.69968 0.0
83.170746 64.80101 0.0
83.366516 64.900665 0.0
83.56228 65.00031 0.0
83.75596 65.09834 0.0
83.94964 65.196365 0.0
84.14131 65.29283 0.0
84.332985 65.3893 0.0
84.522736 65.48427 0.0
84.712494 65.57923 0.0
84.90042 65.67276 0.0
85.08834 65.76628 0.0
85.27452 65.85843 0.0
85.46071 65.950584 0.0
85.64524 66.04143 0.0
85.82977 66.13227 0.0
86.01274 66.22186 0.0
86.19572 66.311455 0.0
86.37721 66.39986 0.0
86.558716 66.48826 0.0
86.738815 66.57553 0.0
86.91892 66.662796 0.0
87.09772 66.74899 0.0
87.27652 66.83519 0.0
87.45408 66.920364 0.0
87.63164 67.00553 0.0
87.80803 67.08974 0.0
87.98442 67.173935 0.0
88.1597 67.2572 0.0
88.334984 67.34048 0.0
88.50922 67.42287 0.0
88.68344 67.50525 0.0
88.85666 67.586784 0.0
89.029884 67.66832 0.0
89.20213 67.74904 0.0
89.37439 67.829765 0.0
89.5457 67.9097 0.0
89.71701 67.98964 0.0
89.8874 68.06882 0.0
90.057785 68.14799 0.0
90.227264 68.22642 0.0
90.39674 68.30485 0.0
90.565315 68.38256 0.0
90.73389 68.46027 0.0
90.90155 68.53727 0.0
91.06922 68.614265 0.0
91.23597 68.69057 0.0
91.40272 68.76687 0.0
91.56853 68.84247 0.0
91.734344 68.918076 0.0
91.8992 68.99299 0.0
92.06406 69.0679 0.0
92.22792 69.14213 0.0
92.39179 69.216354 0.0
92.55464 69.28989 0.0
92.71749 69.36343 0.0
92.87929 69.43627 0.0
93.041084 69.50912 0.0
93.20178 69.58127 0.0
93.36249 69.65341 0.0
93.52205 69.72485 0.0
93.68162 69.796295 0.0
93.84 69.867035 0.0
93.99838 69.93777 0.0
94.15554 70.00778 0.0
94.3127 70.0778 0.0
94.46858 70.14708 0.0
94.62446 70.21636 0.0
94.779015 70.28491 0.0
94.93357 70.35346 0.0
95.08676 70.421265 0.0
95.239944 70.48906 0.0
95.39171 70.5561 0.0
95.54348 70.62314 0.0
95.69378 70.68941 0.0
95.84408 70.75567 0.0
95.99286 70.82115 0.0
96.14165 70.886635 0.0
96.28887 70.951324 0.0
96.4361 71.016014 0.0
96.58171 71.079895 0.0
96.72733 71.143776 0.0
96.87131 71.20683 0.0
97.01528 71.2699 0.0
97.15757 71.33213 0.0
97.29986 71.39436 0.0
97.440414 71.45575 0.0
97.58098 71.51714 0.0
97.71977 71.57768 0.0
97.858574 71.63823 0.0
97.995575 71.69791 0.0
98.13258 71.75758 0.0
98.26776 71.81639 0.0
98.40295 71.875206 0.0
98.53627 71.933136 0.0
98.66959 71.99107 0.0
98.80104 72.04813 0.0
98.93248 72.10518 0.0
99.06202 72.16134 0.0
99.19156 72.2175 0.0
99.31917 72.272766 0.0
99.44678 72.328026 0.0
99.57243 72.382385 0.0
99.6981 72.43675 0.0
99.82179 72.49021 0.0
99.94548 72.54367 0.0
100.06718 72.59622 0.0
100.18887 72.64877 0.0
100.30856 72.70041 0.0
100.428246 72.752045 0.0
100.5459 72.802765 0.0
100.66354 72.85348 0.0
100.77913 72.903275 0.0
100.89472 72.953064 0.0
101.008224 73.00192 0.0
101.12173 73.05079 0.0
101.23311 73.09871 0.0
101.34448 73.14664 0.0
101.453705 73.19362 0.0
101.56293 73.24059 0.0
101.66995 73.28662 0.0
101.776985 73.33264 0.0
101.881775 73.37769 0.0
101.986565 73.422745 0.0
102.089066 73.46681 0.0
102.19156 73.51088 0.0
102.29172 73.553955 0.0
102.39187 73.59702 0.0
102.489624 73.63908 0.0
102.58737 73.68113 0.0
102.682655 73.72215 0.0
102.77794 73.76317 0.0
102.8707 73.80313 0.0
102.96345 73.84309 0.0
103.053604 73.88197 0.0
103.14375 73.92086 0.0
103.23123 73.95865 0.0
103.31872 73.99643 0.0
103.40346 74.0331 0.0
103.488205 74.069756 0.0
103.57014 74.10528 0.0
103.65207 74.1408 0.0
103.731125 74.17516 0.0
103.81018 74.209526 0.0
103.8863 74.24271 0.0
103.96242 74.27589 0.0
104.03554 74.30788 0.0
104.10866 74.33986 0.0
104.178734 74.370636 0.0
104.24881 74.40142 0.0
104.315796 74.43098 0.0
104.382774 74.46053 0.0
104.44664 74.48888 0.0
104.5105 74.51721 0.0
104.57122 74.54433 0.0
104.63194 74.571434 0.0
104.68951 74.59732 0.0
104.74707 74.623215 0.0
104.80148 74.64789 0.0
104.85589 74.67257 0.0
104.90716 74.696045 0.0
104.95843 74.71952 0.0
105.006584 74.74181 0.0
105.05474 74.76411 0.0
105.09982 74.78525 0.0
105.144905 74.80638 0.0
105.186966 74.826385 0.0
105.229034 74.84639 0.0
105.26814 74.865295 0.0
105.30724 74.8842 0.0
105.343475 74.90204 0.0
105.3797 74.91988 0.0
105.41313 74.93671 0.0
105.44657 74.95353 0.0
105.47731 74.969376 0.0
105.50805 74.985214 0.0
105.5362 75.00013 0.0
105.564354 75.015045 0.0
105.59003 75.029076 0.0
105.61571 75.043106 0.0
105.63903 75.056305 0.0
105.66235 75.06951 0.0
105.67317 75.07582 0.0
105.68398 75.08213 0.0
105.69426 75.08825 0.0
105.70454 75.09437 0.0
105.71428 75.1003 0.0
105.72403 75.10624 0.0
105.73327 75.112 0.0
105.74251 75.11777 0.0
105.75125 75.12337 0.0
105.76 75.12896 0.0
105.768265 75.1344 0.0
105.776535 75.13983 0.0
105.78435 75.14511 0.0
105.79215 75.15039 0.0
105.799515 75.15552 0.0
105.80687 75.16065 0.0
105.8138 75.16564 0.0
105.82073 75.17063 0.0
105.827255 75.17549 0.0
105.83377 75.18034 0.0
105.83688 75.182724 0.0
105.83999 75.185104 0.0
105.843 75.187454 0.0
105.846016 75.1898 0.0
105.84893 75.19211 0.0
105.851845 75.19443 0.0
105.85467 75.19672 0.0
105.85749 75.199005 0.0
105.860214 75.20126 0.0
105.862946 75.203514 0.0
105.865585 75.20575 0.0
105.868225 75.20798 0.0
105.87077 75.210175 0.0
105.87333 75.21238 0.0
105.87579 75.214554 0.0
105.87826 75.21673 0.0
105.88064 75.21887 0.0
105.88302 75.22102 0.0
105.885315 75.223145 0.0
105.88762 75.225266 0.0
105.88983 75.22736 0.0
105.89205 75.22946 0.0
105.89419 75.23154 0.0
105.896324 75.233604 0.0
105.898384 75.23566 0.0
105.900444 75.2377 0.0
105.90243 75.23973 0.0
105.90441 75.24175 0.0
105.90632 75.24376 0.0
105.908226 75.245766 0.0
105.910065 75.24774 0.0
105.911896 75.249725 0.0
105.913666 75.251686 0.0
105.91543 75.25365 0.0
105.91712 75.255585 0.0
105.918816 75.25753 0.0
105.92044 75.259445 0.0
105.92207 75.26137 0.0
105.92363 75.263275 0.0
105.92519 75.265175 0.0
105.92669 75.26706 0.0
105.928185 75.268936 0.0
105.92961 75.2708 0.0
105.931046 75.27267 0.0
105.93242 75.27451 0.0
105.933784 75.27636 0.0
105.93477 75.277725 0.0
105.93575 75.2791 0.0
105.93671 75.280464 0.0
105.93766 75.28183 0.0
105.93858 75.28319 0.0
105.9395 75.28454 0.0
105.940384 75.28589 0.0
105.94128 75.28723 0.0
105.94213 75.28857 0.0
105.942986 75.2899 0.0
105.9438 75.29123 0.0
105.944626 75.29256 0.0
105.94542 75.29388 0.0
105.94621 75.2952 0.0
105.946976 75.29651 0.0
105.94774 75.29781 0.0
105.94847 75.29912 0.0
105.9492 75.30042 0.0
105.949905 75.30171 0.0
105.95061 75.30301 0.0
105.95128 75.30429 0.0
105.95195 75.30558 0.0
105.95259 75.30686 0.0
105.95324 75.30814 0.0
105.95386 75.30942 0.0
105.95447 75.310684 0.0
105.95506 75.31195 0.0
105.95565 75.31322 0.0
105.95621 75.31447 0.0
105.95677 75.31573 0.0
105.957306 75.31698 0.0
105.95784 75.31823 0.0
105.95834 75.31947 0.0
105.958855 75.32072 0.0
105.959335 75.32195 0.0
105.959816 75.32319 0.0
105.96027 75.32442 0.0
105.96073 75.325645 0.0
105.96117 75.32687 0.0
105.96159 75.328094 0.0
105.962 75.329315 0.0
105.9624 75.33053 0.0
105.96278 75.33174 0.0
105.963165 75.33295 0.0
105.96341 75.333755 0.0
105.963646 75.33456 0.0
105.96399 75.335754 0.0
105.96433 75.33696 0.0
105.964645 75.33815 0.0
105.964966 75.33935 0.0
105.965256 75.34053 0.0
105.96555 75.34172 0.0
105.96582 75.3429 0.0
105.966095 75.344086 0.0
105.96626 75.34487 0.0
105.96643 75.34566 0.0
105.96659 75.346436 0.0
105.96675 75.34722 0.0
105.9669 75.34801 0.0
105.96705 75.348785 0.0
105.967186 75.34956 0.0
105.96732 75.35034 0.0
105.96745 75.35112 0.0
105.96758 75.35189 0.0
105.9677 75.35266 0.0
105.96782 75.35344 0.0
105.967926 75.35421 0.0
105.96804 75.35498 0.0
105.96814 75.35574 0.0
105.96824 75.356514 0.0
105.96833 75.357285 0.0
105.96842 75.35805 0.0
105.968506 75.35881 0.0
105.96858 75.35957 0.0
105.96866 75.36034 0.0
105.96873 75.3611 0.0
105.968796 75.36186 0.0
105.96886 75.36262 0.0
105.96891 75.36337 0.0
105.96896 75.36413 0.0
105.96901 75.36488 0.0
105.969055 75.36564 0.0
105.969086 75.366394 0.0
105.969124 75.36714 0.0
105.96915 75.36789 0.0
105.96918 75.368645 0.0
105.96919 75.36939 0.0
105.969215 75.37014 0.0
105.96922 75.37088 0.0
105.96924 75.37163 0.0
105.96924 75.372375 0.0
105.96924 75.373116 0.0
105.96923 75.373856 0.0
105.96922 75.3746 0.0
105.96921 75.375336 0.0
105.969185 75.376076 0.0
105.96916 75.376816 0.0
105.96914 75.377556 0.0
105.9691 75.37829 0.0
105.96907 75.37902 0.0
105.969025 75.37975 0.0
105.96899 75.380486 0.0
105.96893 75.38122 0.0
105.96888 75.38195 0.0
105.96883 75.382675 0.0
105.968765 75.38341 0.0
105.9687 75.38413 0.0
105.96863 75.38486 0.0
105.96855 75.38558 0.0
105.96848 75.38631 0.0
105.9684 75.387024 0.0
105.968315 75.38775 0.0
105.968216 75.38847 0.0
105.968124 75.38919 0.0
105.968025 75.38991 0.0
105.967926 75.390625 0.0
105.96782 75.39134 0.0
105.96771 75.39205 0.0
105.96759 75.39276 0.0
105.967476 75.39348 0.0
105.967354 75.394196 0.0
105.96723 75.394905 0.0
105.9671 75.395615 0.0
105.966965 75.396324 0.0
105.96683 75.39703 0.0
105.96668 75.397736 0.0
105.96654 75.39844 0.0
105.966385 75.39915 0.0
105.96623 75.39985 0.0
105.96607 75.40055 0.0
105.96591 75.40125 0.0
105.965744 75.401955 0.0
105.965576 75.40265 0.0
105.9654 75.40335 0.0
105.965225 75.404045 0.0
105.96504 75.40474 0.0
105.96486 75.40543 0.0
105.96467 75.40613 0.0
105.96448 75.40682 0.0
105.96428 75.40752 0.0
105.96407 75.4082 0.0
105.96387 75.4089 0.0
105.96365 75.409584 0.0
105.96345 75.41027 0.0
105.96323 75.41095 0.0
105.96301 75.41164 0.0
105.96278 75.41232 0.0
105.962555 75.41301 0.0
105.962326 75.41369 0.0
105.96209 75.41437 0.0
105.96185 75.41505 0.0
105.96161 75.415726 0.0
105.96136 75.4164 0.0
105.961105 75.417076 0.0
105.960846 75.417755 0.0
105.960594 75.41843 0.0
105.96033 75.4191 0.0
105.96006 75.41977 0.0
105.95979 75.42044 0.0
105.95952 75.42111 0.0
105.95924 75.42178 0.0
105.95896 75.42245 0.0
105.95867 75.42311 0.0
105.95838 75.423775 0.0
105.958084 75.42444 0.0
105.957794 75.4251 0.0
105.95749 75.425766 0.0
105.957184 75.42642 0.0
105.95688 75.42708 0.0
105.956566 75.42774 0.0
105.95625 75.42839 0.0
105.95593 75.42905 0.0
105.955605 75.4297 0.0
105.95528 75.43036 0.0
105.95494 75.43101 0.0
105.95461 75.431656 0.0
105.95427 75.432304 0.0
105.95393 75.43295 0.0
105.95358 75.4336 0.0
105.95323 75.43425 0.0
105.95288 75.43489 0.0
105.95252 75.43553 0.0
105.95216 75.43617 0.0
105.9518 75.43681 0.0
105.95142 75.437454 0.0
105.95105 75.438095 0.0
105.95067 75.438736 0.0
105.950294 75.43937 0.0
105.949905 75.44 0.0
105.94952 75.440636 0.0
105.94913 75.44127 0.0
105.94873 75.441895 0.0
105.94833 75.44252 0.0
105.94793 75.44315 0.0
105.94752 75.44378 0.0
105.947105 75.444405 0.0
105.946686 75.44502 0.0
105.94627 75.44565 0.0
105.94585 75.44627 0.0
105.94542 75.44689 0.0
105.94499 75.44751 0.0
105.94456 75.44812 0.0
105.94412 75.44874 0.0
105.94368 75.449356 0.0
105.94323 75.44997 0.0
105.94278 75.45058 0.0
105.94232 75.45119 0.0
105.941864 75.4518 0.0
105.94141 75.45241 0.0
105.94094 75.45301 0.0
105.94047 75.45361 0.0
105.939995 75.454216 0.0
105.939514 75.45482 0.0
105.93903 75.455414 0.0
105.93855 75.45601 0.0
105.938065 75.45661 0.0
105.93757 75.45721 0.0
105.93707 75.4578 0.0
105.93657 75.45839 0.0
105.936066 75.458984 0.0
105.935555 75.45957 0.0
105.93504 75.46016 0.0
105.934525 75.46075 0.0
105.934006 75.461334 0.0
105.93347 75.461914 0.0
105.932945 75.462494 0.0
105.93241 75.46307 0.0
105.93188 75.46365 0.0
105.931335 75.46423 0.0
105.930786 75.464806 0.0
105.93024 75.46538 0.0
105.92969 75.46595 0.0
105.92912 75.46652 0.0
105.928566 75.467094 0.0
105.92799 75.46766 0.0
105.92743 75.46822 0.0
105.92685 75.46879 0.0
105.92628 75.46935 0.0
105.92569 75.46991 0.0
105.92511 75.470474 0.0
105.924515 75.47103 0.0
105.92393 75.47159 0.0
105.923325 75.47214 0.0
105.92272 75.472694 0.0
105.92211 75.47324 0.0
105.9215 75.47379 0.0
105.92088 75.474335 0.0
105.920265 75.474884 0.0
105.91964 75.475426 0.0
105.919014 75.47597 0.0
105.91838 75.4765 0.0
105.91774 75.47704 0.0
105.9171 75.477585 0.0
105.91646 75.47812 0.0
105.915474 75.47891 0.0
105.91449 75.47971 0.0
105.91349 75.4805 0.0
105.91249 75.481285 0.0
105.91147 75.48206 0.0
105.910446 75.48284 0.0
105.90941 75.48361 0.0
105.90836 75.48438 0.0
105.9073 75.485146 0.0
105.90624 75.48591 0.0
105.90517 75.486664 0.0
105.90408 75.48742 0.0
105.902985 75.48816 0.0
105.90188 75.48891 0.0
105.90076 75.48964 0.0
105.899635 75.49037 0.0
105.89849 75.4911 0.0
105.89735 75.49182 0.0
105.89618 75.49254 0.0
105.89501 75.493256 0.0
105.89383 75.49396 0.0
105.89264 75.49467 0.0
105.89143 75.49536 0.0
105.89023 75.49606 0.0
105.88899 75.49675 0.0
105.887764 75.49744 0.0
105.88651 75.49811 0.0
105.88526 75.49879 0.0
105.88399 75.49945 0.0
105.88271 75.500114 0.0
105.88142 75.50077 0.0
105.88012 75.50143 0.0
105.8788 75.502075 0.0
105.87748 75.502716 0.0
105.87614 75.50335 0.0
105.874794 75.50398 0.0
105.87343 75.50461 0.0
105.872055 75.505226 0.0
105.87067 75.50584 0.0
105.86928 75.50645 0.0
105.867386 75.50725 0.0
105.86549 75.50804 0.0
105.863556 75.50882 0.0
105.86162 75.50959 0.0
105.859634 75.510345 0.0
105.85766 75.5111 0.0
105.85564 75.51183 0.0
105.853615 75.512566 0.0
105.85155 75.513275 0.0
105.84947 75.51399 0.0
105.84735 75.51468 0.0
105.84523 75.515366 0.0
105.84306 75.51603 0.0
105.840904 75.51669 0.0
105.838684 75.517334 0.0
105.83647 75.517975 0.0
105.83421 75.51859 0.0
105.83195 75.51921 0.0
105.829636 75.519806 0.0
105.82732 75.5204 0.0
105.82495 75.520966 0.0
105.822586 75.52153 0.0
105.82017 75.52207 0.0
105.81775 75.52261 0.0
105.81528 75.52313 0.0
105.812805 75.52364 0.0
105.81027 75.52413 0.0
105.80775 75.52462 0.0
105.80516 75.525085 0.0
105.80258 75.52554 0.0
105.79994 75.52598 0.0
105.7973 75.52641 0.0
105.7946 75.52682 0.0
105.79191 75.52722 0.0
105.789154 75.5276 0.0
105.7864 75.52798 0.0
105.783585 75.52832 0.0
105.78076 75.52866 0.0
105.777885 75.52898 0.0
105.77501 75.5293 0.0
105.772064 75.52959 0.0
105.76913 75.52987 0.0
105.76612 75.53012 0.0
105.763115 75.53038 0.0
105.76004 75.5306 0.0
105.756966 75.53082 0.0
105.75383 75.531006 0.0
105.750694 75.5312 0.0
105.74748 75.53136 0.0
105.74428 75.53151 0.0
105.741 75.53163 0.0
105.737724 75.53175 0.0
105.734375 75.531845 0.0
105.731026 75.53193 0.0
105.7276 75.53198 0.0
105.72418 75.532036 0.0
105.72069 75.53205 0.0
105.71719 75.53207 0.0
105.71362 75.53204 0.0
105.710045 75.53203 0.0
105.70639 75.53197 0.0
105.70274 75.53191 0.0
105.69902 75.531815 0.0
105.69529 75.53172 0.0
105.69148 75.531586 0.0
105.68767 75.53145 0.0
105.68378 75.53128 0.0
105.679886 75.531105 0.0
105.6759 75.53089 0.0
105.67193 75.53068 0.0
105.66786 75.530426 0.0
105.6638 75.53017 0.0
105.65541 75.529526 0.0
105.64701 75.52889 0.0
105.638245 75.52809 0.0
105.629486 75.52728 0.0
105.620346 75.52629 0.0
105.6112 75.52531 0.0
105.601654 75.52413 0.0
105.59211 75.52296 0.0
105.58215 75.52159 0.0
105.57219 75.520226 0.0
105.5618 75.51866 0.0
105.5514 75.5171 0.0
105.54055 75.51533 0.0
105.5297 75.51356 0.0
105.51839 75.51158 0.0
105.50707 75.5096 0.0
105.49527 75.50739 0.0
105.48346 75.50519 0.0
105.471146 75.50276 0.0
105.45883 75.50033 0.0
105.44599 75.497665 0.0
105.43315 75.494995 0.0
105.41977 75.49208 0.0
105.40638 75.489174 0.0
105.37788 75.4826 0.0
105.34937 75.47602 0.0
105.318436 75.468376 0.0
105.28749 75.46073 0.0
105.25393 75.45195 0.0
105.22037 75.44318 0.0
105.18402 75.4332 0.0
105.14767 75.423225 0.0
105.108345 75.41199 0.0
105.06902 75.40075 0.0
105.02655 75.388176 0.0
104.98407 75.3756 0.0
104.93826 75.361626 0.0
104.89246 75.34765 0.0
104.843155 75.332214 0.0
104.793846 75.31677 0.0
104.76782 75.30848 0.0
104.74086 75.299805 0.0
7.752497 6.7937074 0.0
8.535127 7.5385213 0.0
7.658861 6.7048225 0.0
7.565225 6.615937 0.0
7.4731293 6.5286093 0.0
7.381034 6.4412813 0.0
7.2904453 6.3554783 0.0
7.1998568 6.2696753 0.0
7.110767 6.1853886 0.0
7.021677 6.1011014 0.0
6.934101 6.018344 0.0
6.846525 5.935587 0.0
6.7604985 5.854392 0.0
6.674472 5.7731967 0.0
6.590043 5.6936083 0.0
6.5056148 5.6140203 0.0
6.422839 5.536089 0.0
6.340063 5.458158 0.0
6.2589912 5.3819304 0.0
6.1779194 5.3057027 0.0
6.098592 5.231215 0.0
6.0192637 5.1567273 0.0
5.941701 5.0839977 0.0
5.8641376 5.0112677 0.0
5.788336 4.9402905 0.0
5.712534 4.869313 0.0
5.638461 4.8000565 0.0
5.564388 4.7307997 0.0
5.4919825 4.6632047 0.0
5.4195766 4.5956097 0.0
5.3487496 4.529591 0.0
5.2779226 4.4635725 0.0
5.208562 4.399024 0.0
5.139201 4.3344755 0.0
5.0711775 4.2712755 0.0
5.0031543 4.208076 0.0
4.9363303 4.1460953 0.0
4.8695064 4.084114 0.0
4.8037443 4.023224 0.0
4.7379823 3.9623337 0.0
4.673154 3.9024143 0.0
4.6083255 3.8424952 0.0
4.5443206 3.7834451 0.0
4.4803157 3.724395 0.0
4.4170485 3.6661358 0.0
4.353781 3.6078763 0.0
4.22927 3.493559 0.0
4.1047587 3.3792415 0.0
4.043502 3.323174 0.0
3.9822445 3.2671068 0.0
3.9216962 3.2118084 0.0
3.861148 3.15651 0.0
3.8013742 3.1020415 0.0
3.7416003 3.0475729 0.0
3.6826854 2.994011 0.0
3.6237702 2.9404492 0.0
3.5658097 2.8878806 0.0
3.5078492 2.835312 0.0
3.4509425 2.7838244 0.0
3.3940356 2.7323372 0.0
3.3382769 2.682014 0.0
3.2825184 2.631691 0.0
3.2279913 2.5826035 0.0
3.1734643 2.5335157 0.0
3.1202357 2.4857192 0.0
3.067007 2.4379225 0.0
3.0151236 2.3914535 0.0
2.9632401 2.3449845 0.0
2.9127278 2.2998602 0.0
2.8622153 2.254736 0.0
2.8130789 2.2109547 0.0
2.7639427 2.1671734 0.0
2.7161698 2.1247168 0.0
2.6683967 2.0822604 0.0
2.6219597 2.0410979 0.0
2.575523 1.9999354 0.0
2.530385 1.9600271 0.0
2.4852471 1.9201188 0.0
2.4413648 1.8814199 0.0
2.3974826 1.842721 0.0
2.3548107 1.8051845 0.0
2.3121388 1.767648 0.0
2.2706308 1.7312274 0.0
2.229123 1.6948067 0.0
2.188734 1.659456 0.0
2.1483452 1.6241053 0.0
2.1090298 1.5897794 0.0
2.069714 1.5554534 0.0
2.0314245 1.5221064 0.0
1.993135 1.4887594 0.0
1.9558206 1.4563432 0.0
1.9185063 1.4239268 0.0
1.8821106 1.3923893 0.0
1.845715 1.3608516 0.0
1.810175 1.3301363 0.0
1.7746348 1.2994208 0.0
1.7058376 1.240209 0.0
1.6370404 1.1809971 0.0
1.5707867 1.1243193 0.0
1.504533 1.0676415 0.0
1.440285 1.0130543 0.0
1.376037 0.95846695 0.0
1.3134913 0.90573394 0.0
1.2509457 0.85300094 0.0
1.1901962 0.80221796 0.0
1.1294466 0.751435 0.0
1.0710511 0.7030716 0.0
1.0126556 0.65470827 0.0
0.9846258 0.63166595 0.0
0.956596 0.60862356 0.0
0.92952836 0.5864862 0.0
0.9024607 0.5643488 0.0
0.87649715 0.5432261 0.0
0.8505336 0.5221034 0.0
0.8258076 0.5020958 0.0
0.80108154 0.4820882 0.0
0.77770865 0.46327928 0.0
0.7557781 0.4457295 0.0
0.7324052 0.4269206 0.0
0.7119739 0.41066286 0.0
0.69004333 0.39311308 0.0
0.67113215 0.37815055 0.0
0.65070087 0.36189282 0.0
0.6317897 0.3469303 0.0
0.61438215 0.33323634 0.0
0.59842664 0.3207568 0.0
0.5838401 0.3094142 0.0
0.5705143 0.29911327 0.0
0.5531068 0.2854193 0.0
0.49704796 0.24193004 0.0
0.50923896 0.25129625 0.0
0.5225647 0.26159722 0.0
0.5371513 0.27293974 0.0
0.48585588 0.23338664 0.0
0.46592182 0.21833256 0.0
0.45373085 0.20896634 0.0
0.44253874 0.20042294 0.0
0.4226047 0.18536887 0.0
0.40511003 0.17238967 0.0
0.38761535 0.15941048 0.0
0.37177294 0.1479344 0.0
0.35593054 0.13645834 0.0
0.34845594 0.13117003 0.0
0.34098133 0.12588173 0.0
0.33374155 0.12085885 0.0
0.32650173 0.11583596 0.0
0.31946272 0.11106561 0.0
0.31242374 0.106295265 0.0
0.30555797 0.10177223 0.0
0.2986922 0.09724919 0.0
0.29197532 0.09297395 0.0
0.2852584 0.0886987 0.0
0.2819485 0.08665536 0.0
0.27863857 0.084612034 0.0
0.275357 0.08263275 0.0
0.27207547 0.08065346 0.0
0.26881933 0.07873936 0.0
0.26556316 0.07682525 0.0
0.26232928 0.07497767 0.0
0.2590954 0.07313009 0.0
0.25588068 0.07135056 0.0
0.25266597 0.06957102 0.0
0.24946731 0.067861244 0.0
0.24626864 0.06615146 0.0
0.24308296 0.064513355 0.0
0.23989727 0.06287525 0.0
0.23830837 0.06208372 0.0
0.23671946 0.061292198 0.0
0.2351327 0.060519397 0.0
0.23354593 0.059746593 0.0
0.23196098 0.05899281 0.0
0.23037602 0.058239028 0.0
0.22879255 0.057504572 0.0
0.22720906 0.056770112 0.0
0.22562677 0.0560553 0.0
0.22404447 0.055340488 0.0
0.22246306 0.05464565 0.0
0.22088164 0.053950816 0.0
0.21930087 0.0532763 0.0
0.21772009 0.052601784 0.0
0.21613972 0.051947944 0.0
0.21455935 0.051294103 0.0
0.21297917 0.050661307 0.0
0.21139899 0.05002851 0.0
0.20981884 0.04941713 0.0
0.20823868 0.048805755 0.0
0.20665842 0.048216186 0.0
0.20507817 0.04762662 0.0
0.20349771 0.04705926 0.0
0.20191725 0.0464919 0.0
0.20033652 0.045947157 0.0
0.1987558 0.04540241 0.0
0.19717482 0.044880703 0.0
0.19559382 0.04435899 0.0
0.19401258 0.04386074 0.0
0.19243135 0.043362487 0.0
0.19084993 0.042888127 0.0
0.18926853 0.042413767 0.0
0.18768708 0.04196374 0.0
0.18610564 0.04151371 0.0
0.18452433 0.041088462 0.0
0.18294302 0.040663213 0.0
0.18136206 0.040263195 0.0
0.17978111 0.039863177 0.0
0.17820081 0.039488845 0.0
0.1766205 0.039114513 0.0
0.17504115 0.03876633 0.0
0.17346181 0.038418144 0.0
0.17188382 0.03809657 0.0
0.17030585 0.037775 0.0
0.16872966 0.037480503 0.0
0.16715348 0.037186008 0.0
0.16557959 0.036919057 0.0
0.1640057 0.03665211 0.0
0.16243465 0.036413178 0.0
0.16086361 0.03617425 0.0
0.16007933 0.036065437 0.0
0.15929507 0.03595662 0.0
0.15851174 0.035854988 0.0
0.15772842 0.03575336 0.0
0.15694612 0.035658963 0.0
0.15616381 0.03556457 0.0
0.15538263 0.035477474 0.0
0.15460144 0.03539038 0.0
0.15382145 0.03531064 0.0
0.15304147 0.035230905 0.0
0.15226278 0.035158582 0.0
0.15148409 0.03508626 0.0
0.1507068 0.03502141 0.0
0.1499295 0.03495656 0.0
0.14915368 0.034899242 0.0
0.14837788 0.03484193 0.0
0.14760368 0.0347922 0.0
0.14682947 0.034742475 0.0
0.14605696 0.034700397 0.0
0.14528446 0.03465832 0.0
0.14451377 0.03462395 0.0
0.14374308 0.034589585 0.0
0.14297432 0.034562983 0.0
0.14220554 0.034536377 0.0
0.14143881 0.034517594 0.0
0.14067207 0.034498814 0.0
0.1399075 0.034487914 0.0
0.13914292 0.034477014 0.0
0.13838062 0.034474052 0.0
0.1376183 0.034471087 0.0
0.1368584 0.034476124 0.0
0.13609849 0.034481157 0.0
0.13534111 0.034494244 0.0
0.13458373 0.03450733 0.0
0.133829 0.034528527 0.0
0.13307425 0.034549724 0.0
0.13232231 0.034579087 0.0
0.13157035 0.03460845 0.0
0.13082132 0.034646038 0.0
0.13007227 0.034683626 0.0
0.12932627 0.034729492 0.0
0.12858027 0.034775358 0.0
0.12783746 0.03482956 0.0
0.12709466 0.034883764 0.0
0.12635517 0.03494636 0.0
0.12561567 0.035008952 0.0
0.12487964 0.035079993 0.0
0.12414362 0.03515104 0.0
0.12341119 0.035230584 0.0
0.12267877 0.03531013 0.0
0.1219501 0.035398234 0.0
0.12122142 0.035486337 0.0
0.120496646 0.035583057 0.0
0.11977186 0.035679772 0.0
0.11905112 0.03578516 0.0
0.11833038 0.035890546 0.0
0.11761383 0.036004655 0.0
0.11689728 0.03611877 0.0
0.11618506 0.036241658 0.0
0.115472846 0.036364544 0.0
0.11476512 0.036496263 0.0
0.1140574 0.03662798 0.0
0.11335432 0.036768585 0.0
0.11265124 0.036909193 0.0
0.111952946 0.03705874 0.0
0.111254655 0.037208285 0.0
0.11056131 0.037366822 0.0
0.109867975 0.037525363 0.0
0.109179735 0.03769295 0.0
0.108491495 0.03786053 0.0
0.107808515 0.03803722 0.0
0.107125536 0.0382139 0.0
0.106447965 0.038399737 0.0
0.105770394 0.038585573 0.0
0.1050984 0.038780615 0.0
0.10442639 0.038975656 0.0
0.10376011 0.039179955 0.0
0.10309383 0.039384253 0.0
0.10243344 0.03959786 0.0
0.101773046 0.039811466 0.0
0.101118684 0.040034436 0.0
0.10046433 0.0402574 0.0
0.09981616 0.040489778 0.0
0.099167995 0.040722158 0.0
0.09852618 0.040964 0.0
0.09788437 0.041205846 0.0
0.09724906 0.041457202 0.0
0.09661375 0.04170856 0.0
0.0959851 0.041969478 0.0
0.09535646 0.0422304 0.0
0.094734624 0.042500935 0.0
0.0941128 0.042771474 0.0
0.09349795 0.043051675 0.0
0.09288309 0.043331876 0.0
0.09227535 0.043621793 0.0
0.09166762 0.04391171 0.0
0.091067165 0.04421139 0.0
0.090466715 0.044511072 0.0
0.089873694 0.044820566 0.0
0.08928067 0.04513006 0.0
0.088695236 0.045449413 0.0
0.0881098 0.04576877 0.0
0.08753209 0.04609804 0.0
0.086954385 0.046427306 0.0
0.086384565 0.04676653 0.0
0.08581474 0.047105756 0.0
0.08525295 0.047454983 0.0
0.08469116 0.047804214 0.0
0.084137544 0.048163496 0.0
0.08358393 0.04852278 0.0
0.083038636 0.048892163 0.0
0.08249334 0.049261548 0.0
0.08195652 0.04964108 0.0
0.08141969 0.05002061 0.0
0.080891475 0.05041033 0.0
0.08036325 0.05080005 0.0
0.07984379 0.05120001 0.0
0.07932432 0.051599972 0.0
0.07881374 0.052010216 0.0
0.07830316 0.052420456 0.0
0.0778016 0.052841026 0.0
0.07730005 0.053261597 0.0
0.07680766 0.05369254 0.0
0.07631527 0.05412348 0.0
0.07583217 0.054564834 0.0
0.07534907 0.05500619 0.0
0.0748754 0.055458 0.0
0.07440172 0.055909816 0.0
0.0739376 0.05637213 0.0
0.07347348 0.056834444 0.0
0.07301904 0.0573073 0.0
0.07256461 0.057780154 0.0
0.07211998 0.058263592 0.0
0.07167535 0.05874703 0.0
0.07124065 0.059241094 0.0
0.07080595 0.059735153 0.0
0.0703813 0.060239874 0.0
0.06995665 0.0607446 0.0
0.06954217 0.061260022 0.0
0.069127694 0.06177545 0.0
0.0687235 0.062301613 0.0
0.068319306 0.06282778 0.0
0.06792551 0.06336473 0.0
0.06753171 0.06390167 0.0
0.067148425 0.06444943 0.0
0.06676514 0.06499719 0.0
0.06639247 0.065555796 0.0
0.066019796 0.06611441 0.0
0.06565785 0.0666839 0.0
0.0652959 0.0672534 0.0
0.064944774 0.067833826 0.0
0.06459366 0.06841424 0.0
0.064253464 0.06900561 0.0
0.06391327 0.06959698 0.0
0.063584104 0.07019934 0.0
0.06325494 0.0708017 0.0
0.06293689 0.071415074 0.0
0.062618844 0.07202845 0.0
0.062312014 0.07265288 0.0
0.06200518 0.0732773 0.0
0.061709654 0.0739128 0.0
0.061414126 0.074548304 0.0
0.061129987 0.07519492 0.0
0.060845852 0.07584153 0.0
0.060606644 0.07641645 0.0
0.060367435 0.076991364 0.0
0.06013707 0.07757482 0.0
0.059906702 0.07815828 0.0
0.05968523 0.078750305 0.0
0.059463758 0.07934233 0.0
0.059251234 0.07994293 0.0
0.059038706 0.080543526 0.0
0.05883518 0.081152715 0.0
0.05863165 0.081761904 0.0
0.05843717 0.0823797 0.0
0.058242682 0.0829975 0.0
0.05805729 0.08362392 0.0
0.057871897 0.084250346 0.0
0.057695642 0.0848854 0.0
0.057519384 0.08552046 0.0
0.05735231 0.08616417 0.0
0.057185233 0.08680788 0.0
0.05702738 0.08746025 0.0
0.05686953 0.088112615 0.0
0.056720935 0.08877365 0.0
0.056572344 0.0894347 0.0
0.05643305 0.09010443 0.0
0.056293763 0.090774156 0.0
0.05616381 0.09145258 0.0
0.056033857 0.092131004 0.0
0.055913277 0.092818126 0.0
0.055792697 0.093505256 0.0
0.055681523 0.094201095 0.0
0.05557035 0.094896935 0.0
0.05546861 0.09560149 0.0
0.055366877 0.09630605 0.0
0.0552622 0.09712195 0.0
0.055157527 0.097937845 0.0
0.055065263 0.09876515 0.0
0.054973 0.09959246 0.0
0.05489318 0.10043119 0.0
0.054813366 0.10126991 0.0
0.054746035 0.10212006 0.0
0.054678705 0.1029702 0.0
0.05463642 0.103615314 0.0
0.054594137 0.10426042 0.0
0.05455891 0.10491196 0.0
0.054530747 0.10556993 0.0
0.054390334 0.11022717 0.0
0.05439722 0.1095499 0.0
0.05441121 0.108879074 0.0
0.054425202 0.10820824 0.0
0.05444628 0.10754384 0.0
0.05446736 0.106879435 0.0
0.05449552 0.10622147 0.0
0.05439055 0.11091086 0.0
0.05438366 0.11158813 0.0
0.05438388 0.11227182 0.0
0.05439122 0.11296195 0.0
0.05439856 0.11365207 0.0
0.05441302 0.11434863 0.0
0.054427482 0.11504518 0.0
0.054449074 0.11574817 0.0
0.054477803 0.11645757 0.0
0.05473607 0.12147473 0.0
0.054685906 0.120746076 0.0
0.05464289 0.12002383 0.0
0.054599874 0.119301595 0.0
0.054564 0.11858577 0.0
0.05452813 0.11786995 0.0
0.0544994 0.117160544 0.0
0.054793388 0.12220979 0.0
0.054843552 0.12293844 0.0
0.05490087 0.123673506 0.0
0.05496534 0.124414966 0.0
0.055029806 0.12515643 0.0
0.0551802 0.12665856 0.0
0.055330593 0.12816069 0.0
0.05550959 0.12968835 0.0
0.055688586 0.131216 0.0
0.05589617 0.13276917 0.0
0.05610375 0.13432232 0.0
0.05633989 0.13590088 0.0
0.056576025 0.13747947 0.0
0.056840673 0.13908342 0.0
0.05710532 0.14068735 0.0
0.057398424 0.14231655 0.0
0.05769153 0.14394575 0.0
0.05801302 0.14560015 0.0
0.058334507 0.14725456 0.0
0.058684304 0.14893407 0.0
0.0590341 0.15061356 0.0
0.05954437 0.15289177 0.0
0.060054637 0.15516998 0.0
0.060614813 0.15749237 0.0
0.06117499 0.15981477 0.0
0.06178479 0.1621811 0.0
0.06239459 0.16454741 0.0
0.06305369 0.16695736 0.0
0.06371279 0.16936731 0.0
0.06442084 0.17182058 0.0
0.06512889 0.17427383 0.0
0.06588551 0.17677008 0.0
0.06664212 0.17926632 0.0
0.06744688 0.1818052 0.0
0.06825164 0.18434408 0.0
0.069104105 0.18692523 0.0
0.06995656 0.18950638 0.0
0.07085624 0.19212943 0.0
0.07175593 0.19475247 0.0
0.07270233 0.19741702 0.0
0.073648736 0.20008156 0.0
0.07464133 0.20278719 0.0
0.07563393 0.20549281 0.0
0.07667217 0.20823911 0.0
0.0777104 0.21098542 0.0
0.0787937 0.21377197 0.0
0.079877 0.21655852 0.0
0.08217637 0.22225058 0.0
0.08447574 0.22794265 0.0
0.08694795 0.23379031 0.0
0.08942016 0.23963796 0.0
0.09205994 0.2456375 0.0
0.094699726 0.25163707 0.0
0.097501606 0.25778478 0.0
0.10030349 0.2639325 0.0
0.10326186 0.27022457 0.0
0.10622023 0.27651668 0.0
0.109329395 0.28294942 0.0
0.11243856 0.28938216 0.0
0.1156928 0.2959519 0.0
0.118947044 0.30252162 0.0
0.12586817 0.316058 0.0
0.13278928 0.3295944 0.0
0.14022425 0.34363833 0.0
0.14765923 0.35768226 0.0
0.15556765 0.37221098 0.0
0.16347605 0.38673973 0.0
0.18057777 0.4171853 0.0
0.19767949 0.4476309 0.0
0.21633697 0.4798804 0.0
0.23499446 0.51212984 0.0
0.2551276 0.5462332 0.0
0.27526075 0.5803366 0.0
0.29691577 0.61647975 0.0
0.31857076 0.65262294 0.0
0.3419067 0.6911267 0.0
0.36524263 0.7296304 0.0
0.3905027 0.7709237 0.0
0.41576275 0.81221694 0.0
0.42920274 0.8340595 0.0
0.44323003 0.8567784 0.0
0.45667 0.87862086 0.0
0.4713169 0.90226984 0.0
0.48534417 0.92498875 0.0
0.50063825 0.9496138 0.0
0.5152852 0.97326285 0.0
0.531248 0.99889994 0.0
0.54654205 1.023525 0.0
0.56318784 1.0501986 0.0
0.5791507 1.0758357 0.0
0.59579647 1.1025093 0.0
0.6131323 1.1302321 0.0
0.63046813 1.1579549 0.0
0.64849406 1.1867285 0.0
0.66652 1.2155019 0.0
0.68523026 1.2453184 0.0
0.70394045 1.2751348 0.0
0.723325 1.3059797 0.0
0.7427095 1.3368248 0.0
0.7627562 1.3686807 0.0
0.78280294 1.4005367 0.0
0.8034998 1.4333858 0.0
0.82419664 1.466235 0.0
0.8455336 1.5000635 0.0
0.86687064 1.533892 0.0
0.8888418 1.5686918 0.0
0.910813 1.6034917 0.0
0.9334174 1.6392633 0.0
0.9560218 1.6750349 0.0
0.97926444 1.7117879 0.0
1.0025071 1.748541 0.0
1.0263989 1.7862947 0.0
1.0502907 1.8240483 0.0
1.0748484 1.8628306 0.0
1.099406 1.9016129 0.0
1.1246507 1.9414592 0.0
1.1498954 1.9813054 0.0
1.1758523 2.0222566 0.0
1.2018092 2.0632079 0.0
1.2285057 2.1053092 0.0
1.2552023 2.1474106 0.0
1.2826674 2.1907086 0.0
1.3101324 2.2340064 0.0
1.3383949 2.2785478 0.0
1.3666574 2.323089 0.0
1.395746 2.3689194 0.0
1.4248345 2.4147496 0.0
1.4547763 2.4619122 0.0
1.4847181 2.5090747 0.0
1.5155388 2.55761 0.0
1.5463595 2.6061456 0.0
1.578083 2.6560912 0.0
1.6098064 2.7060366 0.0
1.642454 2.757425 0.0
1.6751016 2.8088136 0.0
1.7086926 2.8616738 0.0
1.7422833 2.9145339 0.0
1.7768329 2.9688888 0.0
1.8113825 3.0232437 0.0
1.8469021 3.0791087 0.0
1.8824217 3.1349738 0.0
1.9189172 3.1923556 0.0
1.9554126 3.2497373 0.0
1.9928832 3.3086314 0.0
2.0303538 3.3675256 0.0
2.068791 3.427915 0.0
2.1072283 3.4883049 0.0
2.1466162 3.5501604 0.0
2.1860042 3.612016 0.0
2.2263198 3.6752963 0.0
2.2666352 3.7385764 0.0
2.3078504 3.8032317 0.0
2.3490658 3.8678873 0.0
2.391151 3.9338646 0.0
2.4332364 3.9998417 0.0
2.4761646 4.067091 0.0
2.5190928 4.1343403 0.0
2.562844 4.202822 0.0
2.6065953 4.271304 0.0
2.6511621 4.340997 0.0
2.6957293 4.4106903 0.0
2.7411203 4.4815974 0.0
2.7865114 4.5525045 0.0
2.8327534 4.6246557 0.0
2.8789954 4.696807 0.0
2.9261336 4.77026 0.0
2.973272 4.8437133 0.0
3.0213685 4.9185514 0.0
3.0694652 4.993389 0.0
3.1185942 5.0697117 0.0
3.167723 5.146034 0.0
3.217965 5.2239494 0.0
3.2682068 5.3018656 0.0
3.3196423 5.381482 0.0
3.3710778 5.4610987 0.0
3.4237804 5.542511 0.0
3.4764829 5.623924 0.0
3.530514 5.707206 0.0
3.5845451 5.7904882 0.0
3.639949 5.875687 0.0
3.695353 5.960886 0.0
3.7521555 6.0480175 0.0
3.808958 6.1351495 0.0
3.867166 6.2241993 0.0
3.925374 6.3132496 0.0
3.9849775 6.4041758 0.0
4.044581 6.495102 0.0
4.105556 6.58784 0.0
4.166531 6.680578 0.0
4.2288465 6.77505 0.0
4.2911615 6.8695216 0.0
4.35478 6.965641 0.0
4.418399 7.0617604 0.0
4.483287 7.159442 0.0
4.548175 7.257124 0.0
4.614303 7.356292 0.0
4.6804314 7.455459 0.0
4.7477813 7.55605 0.0
4.815131 7.6566405 0.0
4.8836975 7.758611 0.0
4.952264 7.860582 0.0
5.0220585 7.963916 0.0
5.091853 8.067249 0.0
5.1629095 8.171959 0.0
5.233966 8.2766695 0.0
5.3063445 8.382809 0.0
5.378723 8.488949 0.0
5.45252 8.596621 0.0
5.5263166 8.704293 0.0
5.601675 8.813666 0.0
5.6770334 8.923039 0.0
5.754158 9.034366 0.0
5.8312826 9.145692 0.0
5.9104586 9.25933 0.0
5.989635 9.372968 0.0
6.030108 9.4308 0.0
6.070581 9.488633 0.0
6.1117196 9.547237 0.0
6.1528583 9.605842 0.0
6.194729 9.665302 0.0
6.2365994 9.724763 0.0
6.279277 9.785173 0.0
6.3219543 9.845585 0.0
6.3655214 9.907051 0.0
6.409089 9.968516 0.0
6.453638 10.031152 0.0
6.4981866 10.093787 0.0
6.5438175 10.157716 0.0
6.5894485 10.221644 0.0
6.6362696 10.287001 0.0
6.6830907 10.352357 0.0
6.7312183 10.419281 0.0
6.779346 10.486205 0.0
6.828903 10.554846 0.0
6.878461 10.6234865 0.0
6.929578 10.693996 0.0
6.980695 10.764505 0.0
7.033505 10.83704 0.0
7.086315 10.9095745 0.0
7.140957 10.984292 0.0
7.195599 11.05901 0.0
7.252213 11.1360655 0.0
7.308827 11.213121 0.0
7.3675537 11.292667 0.0
7.42628 11.372214 0.0
7.4872584 11.454399 0.0
7.548237 11.536583 0.0
7.6116037 11.621541 0.0
7.6749706 11.706499 0.0
7.740858 11.794359 0.0
7.8067455 11.882218 0.0
7.840674 11.927271 0.0
7.8746023 11.972324 0.0
7.9092073 12.018145 0.0
7.943812 12.063964 0.0
7.979107 12.110561 0.0
8.014402 12.15716 0.0
8.050403 12.204546 0.0
8.086403 12.251933 0.0
8.123121 12.3001175 0.0
8.159839 12.348303 0.0
8.197287 12.397294 0.0
8.2347355 12.446285 0.0
8.272925 12.49609 0.0
8.311115 12.545895 0.0
8.350058 12.596519 0.0
8.389 12.647144 0.0
8.428705 12.698593 0.0
8.468411 12.750042 0.0
8.50889 12.802319 0.0
8.549368 12.854595 0.0
8.590627 12.9077015 0.0
8.631886 12.960808 0.0
8.673933 13.014745 0.0
8.715981 13.068682 0.0
8.758823 13.123449 0.0
8.801666 13.178216 0.0
8.84531 13.233812 0.0
8.888955 13.289408 0.0
8.933406 13.34583 0.0
8.977857 13.402252 0.0
9.023118 13.459496 0.0
9.068379 13.51674 0.0
9.114454 13.5748005 0.0
9.16053 13.63286 0.0
9.207422 13.6917305 0.0
9.254313 13.750602 0.0
9.302024 13.810276 0.0
9.349734 13.869949 0.0
9.398264 13.930418 0.0
9.446793 13.990887 0.0
9.496141 14.052139 0.0
9.54549 14.113393 0.0
9.595657 14.175421 0.0
9.645824 14.23745 0.0
9.696808 14.300241 0.0
9.747792 14.363033 0.0
9.799591 14.426577 0.0
9.85139 14.490121 0.0
9.904001 14.554403 0.0
9.956612 14.618686 0.0
10.010031 14.683695 0.0
10.063451 14.748703 0.0
10.117676 14.814423 0.0
10.1719 14.880143 0.0
10.226924 14.946561 0.0
10.281948 15.012979 0.0
10.337767 15.080078 0.0
10.393586 15.147179 0.0
10.450195 15.214947 0.0
10.5068035 15.282714 0.0
10.564196 15.351133 0.0
10.621588 15.419553 0.0
10.679756 15.488608 0.0
10.737926 15.557664 0.0
10.856567 15.69762 0.0
10.975209 15.837576 0.0
11.096876 15.979885 0.0
11.218544 16.122194 0.0
11.343178 16.266731 0.0
11.467812 16.411268 0.0
11.59535 16.557907 0.0
11.72289 16.704546 0.0
11.853275 16.853168 0.0
11.983662 17.00179 0.0
12.116835 17.152279 0.0
12.250008 17.302767 0.0
12.385912 17.455015 0.0
12.521816 17.607264 0.0
12.660399 17.761171 0.0
12.798983 17.91508 0.0
12.940198 18.070553 0.0
13.081413 18.226028 0.0
13.225218 18.382984 0.0
13.369021 18.539942 0.0
13.515377 18.698307 0.0
13.661733 18.856672 0.0
13.81061 19.016376 0.0
13.959487 19.176083 0.0
14.110861 19.33707 0.0
14.262234 19.498056 0.0
14.416084 19.660275 0.0
14.569935 19.822495 0.0
14.72625 19.9859 0.0
14.8825655 20.14931 0.0
15.041337 20.31387 0.0
15.200109 20.47843 0.0
15.361334 20.644112 0.0
15.52256 20.809793 0.0
15.686241 20.976574 0.0
15.849922 21.143353 0.0
16.016064 21.31121 0.0
16.182205 21.479067 0.0
16.350817 21.647987 0.0
16.519428 21.816908 0.0
16.690517 21.98688 0.0
16.861609 22.15685 0.0
17.03519 22.327864 0.0
17.208773 22.498877 0.0
17.384861 22.670925 0.0
17.56095 22.842972 0.0
17.739557 23.01605 0.0
17.918165 23.189129 0.0
18.099308 23.363234 0.0
18.280449 23.537338 0.0
18.464138 23.71247 0.0
18.64783 23.8876 0.0
18.83408 24.063755 0.0
19.020332 24.23991 0.0
19.20916 24.417088 0.0
19.397987 24.594265 0.0
19.589405 24.772469 0.0
19.78082 24.95067 0.0
19.974838 25.129898 0.0
20.168856 25.309124 0.0
20.365488 25.489376 0.0
20.56212 25.66963 0.0
20.76138 25.85091 0.0
20.96064 26.032192 0.0
21.16254 26.214504 0.0
21.364443 26.396814 0.0
21.568998 26.580162 0.0
21.773554 26.763508 0.0
21.980782 26.947891 0.0
22.188007 27.132275 0.0
22.607836 27.503128 0.0
24.78902 29.389114 0.0
24.341692 29.007643 0.0
25.015507 29.580936 0.0
25.241995 29.772757 0.0
25.471333 29.965668 0.0
25.700672 30.15858 0.0
25.93289 30.352592 0.0
26.165108 30.546602 0.0
26.40023 30.741714 0.0
26.635353 30.936829 0.0
26.873407 31.13305 0.0
27.111462 31.329273 0.0
27.352474 31.526604 0.0
27.593485 31.723936 0.0
27.837473 31.922379 0.0
28.08146 32.12082 0.0
28.328445 32.320366 0.0
28.575432 32.519913 0.0
28.825424 32.72056 0.0
29.075418 32.921204 0.0
29.32843 33.122936 0.0
29.58144 33.32467 0.0
29.837471 33.527473 0.0
30.0935 33.730278 0.0
30.352543 33.934135 0.0
30.611588 34.13799 0.0
30.87363 34.34287 0.0
31.135675 34.54775 0.0
31.4007 34.753624 0.0
31.665722 34.959496 0.0
31.933693 35.16632 0.0
32.201664 35.37315 0.0
32.47254 35.58089 0.0
32.743423 35.78863 0.0
33.017162 35.99723 0.0
33.2909 36.205833 0.0
33.567436 36.41524 0.0
33.843975 36.62465 0.0
34.12324 36.8348 0.0
34.402508 37.044952 0.0
34.684425 37.255783 0.0
34.96634 37.46661 0.0
35.250816 37.678043 0.0
35.535294 37.889477 0.0
35.822235 38.10144 0.0
36.109173 38.3134 0.0
36.39847 38.525806 0.0
36.68777 38.738213 0.0
36.979313 38.95098 0.0
37.270855 39.16375 0.0
37.56452 39.376793 0.0
37.85819 39.589832 0.0
38.153854 39.803055 0.0
38.44952 40.01628 0.0
38.747055 40.2296 0.0
39.044586 40.442917 0.0
39.343853 40.656235 0.0
39.64312 40.86955 0.0
39.943985 41.082775 0.0
40.24485 41.296 0.0
40.547176 41.509045 0.0
40.849503 41.722088 0.0
41.153152 41.93486 0.0
41.456806 42.147633 0.0
41.761646 42.36005 0.0
42.066486 42.572468 0.0
42.372383 42.784447 0.0
42.67828 42.99642 0.0
43.29274 43.418747 0.0
43.907196 43.84107 0.0
44.524406 44.26074 0.0
45.141613 44.68041 0.0
45.760708 45.096924 0.0
46.379803 45.513435 0.0
47.00004 45.92636 0.0
47.62027 46.339283 0.0
47.93061 46.544285 0.0
48.240955 46.749287 0.0
48.551353 46.953262 0.0
48.861755 47.15724 0.0
49.17215 47.36016 0.0
49.482548 47.563076 0.0
49.792885 47.7649 0.0
50.10322 47.966724 0.0
50.413445 48.167427 0.0
50.72367 48.36813 0.0
51.033737 48.56768 0.0
51.343803 48.76723 0.0
51.653664 48.965607 0.0
51.963528 49.163982 0.0
52.273144 49.361153 0.0
52.58276 49.558327 0.0
52.89209 49.754272 0.0
53.201416 49.950214 0.0
53.51041 50.144905 0.0
53.819405 50.339592 0.0
54.12802 50.532997 0.0
54.436634 50.726406 0.0
54.744827 50.918503 0.0
55.053017 51.1106 0.0
55.360733 51.30136 0.0
55.66845 51.49212 0.0
55.97564 51.68151 0.0
56.282825 51.870903 0.0
56.589428 52.05889 0.0
56.89603 52.246883 0.0
57.20199 52.43344 0.0
57.507946 52.620003 0.0
57.813194 52.805096 0.0
58.11844 52.99019 0.0
58.422905 53.173782 0.0
58.727375 53.35738 0.0
59.031 53.53944 0.0
59.33462 53.7215 0.0
59.63733 53.901997 0.0
59.940033 54.082493 0.0
60.241753 54.26139 0.0
60.543472 54.440285 0.0
60.84413 54.61755 0.0
61.144794 54.794815 0.0
61.44433 54.97042 0.0
61.743862 55.14603 0.0
62.0422 55.31995 0.0
62.340534 55.49387 0.0
62.63761 55.666077 0.0
62.934692 55.838287 0.0
63.230446 56.008762 0.0
63.5262 56.179237 0.0
63.820576 56.347958 0.0
64.11495 56.516678 0.0
64.40789 56.68363 0.0
64.70083 56.850582 0.0
64.99228 57.015747 0.0
65.28373 57.180916 0.0
65.57364 57.344288 0.0
65.863556 57.50766 0.0
66.15188 57.66922 0.0
66.4402 57.830784 0.0
66.72689 57.990532 0.0
67.01358 58.150276 0.0
67.298584 58.308197 0.0
67.583595 58.466118 0.0
67.86687 58.6222 0.0
68.15014 58.778286 0.0
68.431625 58.932526 0.0
68.71311 59.08676 0.0
68.99275 59.23914 0.0
69.272385 59.391518 0.0
69.55011 59.542023 0.0
69.82784 59.692528 0.0
70.10359 59.841145 0.0
70.37933 59.98976 0.0
70.65302 60.136467 0.0
70.92671 60.283176 0.0
71.19826 60.427948 0.0
71.46981 60.572723 0.0
71.73912 60.715538 0.0
72.00844 60.858356 0.0
72.27542 60.999187 0.0
72.54241 61.14002 0.0
72.80697 61.27883 0.0
73.071526 61.417645 0.0
73.33354 61.55441 0.0
73.595566 61.691174 0.0
73.85494 61.825855 0.0
74.11432 61.960537 0.0
74.37094 62.09311 0.0
74.62756 62.225677 0.0
74.88133 62.356102 0.0
75.13509 62.486523 0.0
75.38591 62.614773 0.0
75.63672 62.743023 0.0
75.884476 62.869072 0.0
76.13223 62.995125 0.0
76.376854 63.118958 0.0
76.621475 63.242786 0.0
76.862885 63.36438 0.0
77.1043 63.485973 0.0
77.34244 63.605324 0.0
77.58058 63.724674 0.0
77.69841 63.783504 0.0
77.81623 63.842335 0.0
77.93323 63.900604 0.0
78.05022 63.958874 0.0
78.16637 64.01659 0.0
78.282524 64.074295 0.0
78.39784 64.13144 0.0
78.51315 64.18859 0.0
78.627625 64.24518 0.0
78.742096 64.30177 0.0
78.85573 64.35781 0.0
78.96935 64.41385 0.0
79.08214 64.46933 0.0
79.19492 64.52481 0.0
79.30687 64.57974 0.0
79.41881 64.63468 0.0
79.64018 64.74291 0.0
79.86156 64.85114 0.0
80.079605 64.95723 0.0
80.29765 65.06331 0.0
80.51242 65.16728 0.0
80.72719 65.271255 0.0
80.93873 65.37317 0.0
81.15027 65.47508 0.0
81.35864 65.57498 0.0
81.567024 65.67489 0.0
81.77232 65.77284 0.0
81.97762 65.87079 0.0
82.179924 65.96684 0.0
82.382225 66.0629 0.0
82.58162 66.15712 0.0
82.78102 66.25134 0.0
82.97761 66.343796 0.0
83.174194 66.43626 0.0
83.36807 66.52701 0.0
83.56194 66.61776 0.0
83.75322 66.70688 0.0
83.94449 66.796 0.0
84.133255 66.883545 0.0
84.32202 66.971085 0.0
84.508385 67.05711 0.0
84.69475 67.14315 0.0
84.878815 67.227745 0.0
85.06289 67.31234 0.0
85.24477 67.39555 0.0
85.426636 67.47876 0.0
85.60642 67.56065 0.0
85.78621 67.64254 0.0
85.964005 67.72317 0.0
86.1418 67.803795 0.0
86.3177 67.883224 0.0
86.493614 67.962654 0.0
86.66774 68.04094 0.0
86.841866 68.11922 0.0
87.014305 68.19641 0.0
87.186745 68.273605 0.0
87.3576 68.34976 0.0
87.52845 68.42592 0.0
87.69783 68.5011 0.0
87.8672 68.57628 0.0
88.035194 68.65053 0.0
88.203186 68.72478 0.0
88.3699 68.79816 0.0
88.53661 68.87153 0.0
88.70215 68.94408 0.0
88.86769 69.016624 0.0
89.03215 69.0884 0.0
89.19662 69.16018 0.0
89.36011 69.23123 0.0
89.52359 69.302284 0.0
89.6862 69.372665 0.0
89.84882 69.44304 0.0
90.17182 69.58195 0.0
90.49482 69.720856 0.0
90.81546 69.8576 0.0
91.13611 69.99434 0.0
91.45509 70.12924 0.0
91.77408 70.264145 0.0
92.09202 70.39749 0.0
92.40996 70.530846 0.0
92.727356 70.66289 0.0
93.04476 70.79492 0.0
93.362015 70.92584 0.0
93.67927 71.056755 0.0
94.314156 71.315704 0.0
94.94904 71.574646 0.0
95.26666 71.702736 0.0
95.584274 71.830826 0.0
95.90167 71.95792 0.0
96.21907 72.08501 0.0
96.535706 72.21092 0.0
96.85235 72.336845 0.0
97.16745 72.46132 0.0
97.482544 72.585785 0.0
97.795044 72.70844 0.0
98.107544 72.8311 0.0
98.26242 72.8916 0.0
98.4173 72.9521 0.0
98.571014 73.01196 0.0
98.72473 73.07183 0.0
98.87709 73.13098 0.0
99.02944 73.19013 0.0
99.18022 73.24849 0.0
99.33099 73.30684 0.0
99.479965 73.36432 0.0
99.628944 73.4218 0.0
99.77589 73.47832 0.0
99.92283 73.534836 0.0
100.0675 73.5903 0.0
100.212166 73.64577 0.0
100.354324 73.700096 0.0
100.496475 73.754425 0.0
100.63587 73.80752 0.0
100.77527 73.86061 0.0
100.91167 73.912384 0.0
101.04807 73.964165 0.0
101.181244 74.014534 0.0
101.31442 74.0649 0.0
101.44415 74.113785 0.0
101.573875 74.16267 0.0
101.637375 74.18652 0.0
101.70088 74.21039 0.0
101.76344 74.23384 0.0
101.82601 74.2573 0.0
101.88761 74.28035 0.0
101.94921 74.303406 0.0
102.00983 74.326035 0.0
102.07045 74.34867 0.0
102.13006 74.37088 0.0
102.18967 74.39308 0.0
102.248245 74.414856 0.0
102.30683 74.43664 0.0
102.36437 74.45798 0.0
102.42191 74.47931 0.0
102.478386 74.5002 0.0
102.53486 74.52109 0.0
102.590256 74.541534 0.0
102.64566 74.56197 0.0
102.69997 74.581955 0.0
102.75427 74.601944 0.0
102.80747 74.62147 0.0
102.86067 74.64099 0.0
102.91276 74.66005 0.0
102.96484 74.679115 0.0
103.01581 74.69771 0.0
103.066765 74.7163 0.0
103.11659 74.73442 0.0
103.16643 74.75255 0.0
103.21512 74.7702 0.0
103.26381 74.78786 0.0
103.311356 74.80504 0.0
103.3589 74.82222 0.0
103.405304 74.83893 0.0
103.451706 74.85563 0.0
103.49696 74.87186 0.0
103.54221 74.88809 0.0
103.58632 74.903854 0.0
103.630424 74.91962 0.0
103.673386 74.934906 0.0
103.716354 74.95019 0.0
103.75818 74.965004 0.0
103.799995 74.97982 0.0
103.84068 74.99417 0.0
103.88136 75.00852 0.0
103.92092 75.0224 0.0
103.96048 75.036285 0.0
103.99892 75.049706 0.0
104.037346 75.063126 0.0
104.07466 75.076096 0.0
104.111984 75.08906 0.0
104.14821 75.10156 0.0
104.184425 75.114075 0.0
104.21956 75.12613 0.0
104.254684 75.13819 0.0
104.288734 75.14981 0.0
104.322784 75.16142 0.0
104.355774 75.1726 0.0
104.38876 75.18378 0.0
104.4207 75.19452 0.0
104.452644 75.20526 0.0
104.48355 75.215576 0.0
104.514465 75.2259 0.0
104.54436 75.235794 0.0
104.57425 75.2457 0.0
104.60315 75.25518 0.0
104.631065 75.26427 0.0
104.659966 75.27374 0.0
104.68693 75.282425 0.0
104.71484 75.291504 0.0
23.89996 28.62832 0.0
23.46377 28.251139 0.0
23.033077 27.87608 0.0
10.282933 9.210011 0.0
